[2021-04-18 21:44:49]: [[ 3.06094248e-01 -2.37635570e+02  5.10538048e+02  3.27729878e+02
  -8.14111926e+02  4.92799595e+02  1.02841240e+02  1.84603496e+02
   7.43509388e+02  7.60966464e+01]]
[2021-04-18 22:17:45]: [[ 3.06094248e-01 -2.37635570e+02  5.10538048e+02  3.27729878e+02
  -8.14111926e+02  4.92799595e+02  1.02841240e+02  1.84603496e+02
   7.43509388e+02  7.60966464e+01]]
[2021-04-18 23:20:40]: [[ 3.06094248e-01 -2.37635570e+02  5.10538048e+02  3.27729878e+02
  -8.14111926e+02  4.92799595e+02  1.02841240e+02  1.84603496e+02
   7.43509388e+02  7.60966464e+01]]
[2021-04-18 23:55:28]: [[ 3.06094248e-01 -2.37635570e+02  5.10538048e+02  3.27729878e+02
  -8.14111926e+02  4.92799595e+02  1.02841240e+02  1.84603496e+02
   7.43509388e+02  7.60966464e+01]]
[2021-04-19 00:05:49]: [[ 3.06094248e-01 -2.37635570e+02  5.10538048e+02  3.27729878e+02
  -8.14111926e+02  4.92799595e+02  1.02841240e+02  1.84603496e+02
   7.43509388e+02  7.60966464e+01]]
[2021-04-19 00:18:29]: [[ 3.06094248e-01 -2.37635570e+02  5.10538048e+02  3.27729878e+02
  -8.14111926e+02  4.92799595e+02  1.02841240e+02  1.84603496e+02
   7.43509388e+02  7.60966464e+01]]
[2021-04-24 19:28:50]: [[ 3.06094248e-01 -2.37635570e+02  5.10538048e+02  3.27729878e+02
  -8.14111926e+02  4.92799595e+02  1.02841240e+02  1.84603496e+02
   7.43509388e+02  7.60966464e+01]]
[2021-04-25 23:11:27]: [[ 3.06094248e-01 -2.37635570e+02  5.10538048e+02  3.27729878e+02
  -8.14111926e+02  4.92799595e+02  1.02841240e+02  1.84603496e+02
   7.43509388e+02  7.60966464e+01]]
[2021-04-25 23:47:02]: [[ 3.06094248e-01 -2.37635570e+02  5.10538048e+02  3.27729878e+02
  -8.14111926e+02  4.92799595e+02  1.02841240e+02  1.84603496e+02
   7.43509388e+02  7.60966464e+01]]
[2021-05-04 13:42:48]: [[ 3.06094248e-01 -2.37635570e+02  5.10538048e+02  3.27729878e+02
  -8.14111926e+02  4.92799595e+02  1.02841240e+02  1.84603496e+02
   7.43509388e+02  7.60966464e+01]]
